1001100
0001100
0100000
1011100
1000100
1001000
1001110
0000001
0000001
1001110
1001000
1000100
1011100
0100000
1000000
1001100
1001100
1001100
1001100
0000000
1001100
1001100
1001100
1001100
1001100
1001100
1001100
1001100
1001100
1001100
1001100
1001100
1001100
0000000
0000000
1001100
1001100
1001100
1001100
0000000
1001100
1001100
1001100
1001100
1110000
1001100
1101001
1001100
0101010
1001100
1001100
1000011
1001100
1001100
1000011
1001100
1001100
1000011
1001100
1001100
1000011
1001100
1001100
1000011
1001100
0101010
1001100
1001100
1001100
1001100
1001100
1001100
1001100
1001100
1000011
1001100
1001100
1000011
1001100
1001100
1000011
1001100
1001100
1000011
1001100
0101010
1001100
1001100
1001100
1000011
1110000
1000011
1001100
1001100
1001100
1001100
1001100
1000011
1001100
1001100
1000011
1001100
1001100
1000011
1001100
1001100
1000011
1001100
1001100
1000011
1001100
1001100
1000011
1001100
1001100
1001100
1001100
1001100
1001100
1001100
1000011
1001100
1001100
1000011
1001100
1001100
1000011
1001100
1001100
1000011
0000000
0000000
1000011
1001100
1001100
1000011
1110000
1000011
1001100
1001100
0000000
0000000
1001100
1000011
1001100
1001100
1000011
1001100
1001100
1000011
1001100
1001100
1000011
1001100
1001100
1000011
1001100
1001100
1000011
1001100
1001100
1001100
1001100
1000011
1001100
1001100
1000011
1001100
1001100
1000011
1001100
1001100
1000011
1001100
1001100
1000011
1001100
1001100
1000011
1001100
1001100
1000011
1110000
1001100
0101010
0000000
1101001
1001100
1001100
1000011
0000000
0000000
1000011
1001100
1001100
1000011
0000000
0000000
1000011
1001100
1001100
1000011
0000000
1101001
1001100
1001100
1001100
1001100
1001100
0101010
0000000
1101001
1001100
1001100
1001100
1000011
0000000
0000000
1000011
1001100
1001100
1000011
0000000
1101001
1001100
1001100
1001100
0100101
1110000
1110000